10 10 10 10 10 10 10 10 10 10 10 10 10 10 10 10 10 10 10 10 10 0 10 10 10 10 10 10 10 10 10 10 9 9 9 9 8 8 8 8 8 8 8 0 10 10 10 10 10 10 9 9 9 8 8 8 8 8 8 8 8 8 8 8 8 0 
10 10 10 10 10 10 10 10 10 10 10 10 10 10 10 10 10 10 10 10 10 10 10 0 10 10 10 10 10 10 10 10 10 10 10 9 9 9 8 8 8 8 8 8 8 8 8 0 10 10 10 10 10 10 9 9 9 9 8 8 8 8 8 8 8 8 8 8 8 8 8 0 
10 10 10 10 10 10 10 10 10 10 10 10 10 10 10 10 10 10 10 10 10 10 10 0 10 10 10 10 10 10 10 10 10 10 9 9 9 9 8 8 8 8 8 8 8 8 8 0 10 10 10 10 10 9 9 9 8 8 8 8 8 8 8 8 8 8 8 8 8 8 8 0 
10 10 10 10 10 10 10 10 10 10 10 10 10 10 10 10 10 10 10 10 10 10 10 0 10 10 10 10 10 10 10 10 10 10 10 9 9 9 9 8 8 8 8 8 8 8 9 0 10 10 10 10 10 10 9 9 9 8 8 8 8 8 8 8 8 8 8 8 8 8 8 0 
10 10 10 10 10 10 10 10 10 10 10 10 10 10 10 10 10 10 10 0 10 10 10 10 10 10 10 10 9 9 9 9 8 8 8 8 8 8 8 0 10 10 10 9 9 9 8 8 8 8 8 8 8 8 8 8 8 8 8 0 
10 10 10 10 10 10 10 10 10 10 10 10 10 10 10 10 10 10 10 10 10 0 10 10 10 10 10 10 10 10 9 9 9 9 8 8 8 8 8 8 8 8 8 0 10 10 10 9 9 9 9 8 8 8 8 8 8 8 8 8 8 8 8 8 8 0 
10 10 10 10 10 10 10 10 10 10 10 10 10 10 10 10 10 10 10 10 10 0 10 10 10 10 10 10 10 10 10 9 9 9 9 8 8 8 8 8 8 8 9 0 10 10 10 10 9 9 9 8 8 8 8 8 8 8 8 8 8 8 8 8 8 0 
10 10 10 10 10 10 10 10 10 10 10 10 10 10 10 10 10 10 10 10 10 0 10 10 10 10 10 10 10 10 9 9 9 9 8 8 8 8 8 8 8 8 8 0 10 10 10 10 9 9 9 8 8 8 8 8 8 8 8 8 8 8 8 8 8 0 
10 10 10 10 10 10 10 10 10 10 10 10 10 10 10 10 10 10 10 10 10 0 10 10 10 10 10 10 10 10 9 9 9 9 8 8 8 8 8 8 8 8 9 0 10 10 10 9 9 9 8 8 8 8 8 8 8 8 8 8 8 8 8 8 8 0 
10 10 10 10 10 10 10 10 10 10 10 10 10 10 10 10 10 10 10 0 10 10 10 10 10 10 10 9 9 9 9 8 8 8 8 8 8 8 9 0 10 10 10 9 9 9 8 8 8 8 8 8 8 8 8 8 8 8 8 0 
10 10 10 10 10 10 10 10 10 10 10 10 10 10 10 10 10 10 10 10 10 0 10 10 10 10 10 10 10 10 9 9 9 8 8 8 8 8 8 8 8 9 9 0 10 10 10 9 9 9 9 8 8 8 8 8 8 8 8 8 8 8 8 8 8 0 
10 10 10 10 10 10 10 10 10 10 10 10 10 10 10 10 10 10 10 10 10 10 10 0 10 10 10 10 10 10 10 10 9 9 9 9 9 8 8 8 8 8 8 8 9 9 9 0 10 10 10 10 9 9 9 8 8 8 8 8 8 8 8 8 8 8 8 8 8 8 8 0 
10 10 10 10 10 10 10 10 10 10 10 10 10 10 10 10 10 10 10 10 10 10 10 0 10 10 10 10 10 10 10 10 10 9 9 9 9 9 8 8 8 8 8 8 8 9 9 0 10 10 10 10 10 9 9 9 9 8 8 8 8 8 8 8 8 8 8 8 8 8 8 0 
10 10 10 10 10 10 10 10 10 10 10 10 10 10 10 10 10 10 10 10 10 10 10 0 10 10 10 10 10 10 10 9 9 9 9 9 8 8 8 8 8 8 8 8 9 9 9 0 10 10 10 9 9 9 9 8 8 8 8 8 8 8 8 8 8 8 8 8 8 8 8 0 
10 10 10 10 10 10 10 10 10 10 10 10 10 10 10 10 10 10 10 10 10 0 10 10 10 10 10 10 10 10 9 9 9 9 8 8 8 8 8 8 8 8 9 0 10 10 10 10 9 9 9 9 8 8 8 8 8 8 8 8 8 8 8 8 8 0 
10 10 10 10 10 10 10 10 10 10 10 10 10 10 10 10 10 10 10 10 10 10 10 0 10 10 10 10 10 10 10 9 9 9 9 9 9 9 9 9 9 9 9 9 9 9 10 0 10 10 10 9 9 9 9 8 8 8 8 8 8 8 8 8 8 8 8 8 8 8 9 0 
10 10 10 10 10 10 10 10 10 10 10 10 10 10 10 10 10 10 10 10 10 10 10 0 10 10 10 10 10 10 10 10 10 9 9 9 9 9 8 8 8 8 8 8 8 8 9 0 10 10 10 10 9 9 9 9 8 8 8 8 8 8 8 8 8 8 8 8 8 8 8 0 
10 10 10 10 10 10 10 10 10 10 10 10 10 10 10 10 10 10 10 10 10 10 10 0 10 10 10 10 11 11 11 11 12 12 12 12 12 12 12 12 12 12 12 12 12 12 12 0 10 10 10 10 10 10 10 11 11 11 11 11 12 12 12 12 12 12 12 12 12 12 12 0 
10 10 10 10 10 10 10 10 10 10 10 10 10 10 10 10 10 10 10 10 10 10 10 10 10 0 10 10 10 11 11 11 11 11 12 12 12 12 12 12 12 12 12 12 12 12 12 12 12 12 11 0 10 10 10 10 10 10 11 11 11 11 11 12 12 12 12 12 12 12 12 12 12 12 12 11 11 0 
10 10 10 10 10 10 10 10 10 10 10 10 10 10 10 10 10 10 10 10 10 10 10 0 10 10 10 10 11 11 11 12 12 12 12 12 12 12 12 12 12 12 12 12 12 12 12 0 10 10 10 10 10 10 11 11 11 11 12 12 12 12 12 12 12 12 12 12 12 12 12 0 
10 10 10 10 10 10 10 10 10 10 10 10 10 10 10 10 10 10 10 0 10 10 10 11 11 11 12 12 12 12 12 12 12 12 12 12 12 12 12 0 10 10 10 10 10 10 11 11 11 11 12 12 12 12 12 12 12 12 12 0 
10 10 10 10 10 10 10 10 10 10 10 10 10 10 10 10 10 10 10 10 10 10 10 0 10 10 10 11 11 11 12 12 12 12 12 12 12 12 12 12 12 12 12 12 12 12 12 0 10 10 10 10 11 11 11 11 12 12 12 12 12 12 12 12 12 12 12 12 12 12 12 0 
10 10 10 10 10 10 10 10 10 10 10 10 10 10 10 10 10 10 10 10 10 0 10 10 10 10 11 11 11 11 12 12 12 12 12 12 12 12 12 12 12 12 12 0 10 10 10 10 10 10 11 11 11 11 12 12 12 12 12 12 12 12 12 12 12 0 
10 10 10 10 10 10 10 10 10 10 10 10 10 10 10 10 10 10 10 10 10 0 10 10 10 10 11 11 11 12 12 12 12 12 12 12 12 12 12 12 12 12 12 0 10 10 10 10 10 10 11 11 11 11 12 12 12 12 12 12 12 12 12 12 12 0 
10 10 10 10 10 10 10 10 10 10 10 10 10 10 10 10 10 10 10 10 10 0 10 10 11 11 11 11 12 12 12 12 12 12 12 12 12 12 12 12 12 12 12 0 10 10 10 10 11 11 11 11 11 12 12 12 12 12 12 12 12 12 12 12 12 0 
10 10 10 10 10 10 10 10 10 10 10 10 10 10 10 10 10 10 10 10 10 10 10 0 10 10 10 11 11 11 12 12 12 12 12 12 12 12 12 12 12 12 12 12 12 12 12 0 10 10 10 10 10 11 11 11 11 12 12 12 12 12 12 12 12 12 12 12 12 12 12 0 
10 10 10 10 10 10 10 10 10 10 10 10 10 10 10 10 10 10 10 10 10 0 10 10 10 11 11 11 11 12 11 12 12 12 12 12 12 12 12 12 12 12 12 0 10 10 10 10 11 11 11 11 12 12 12 12 12 12 12 12 12 12 12 12 11 0 
10 10 10 10 10 10 10 10 10 10 10 10 10 10 10 10 10 10 10 10 10 0 10 10 10 11 11 11 12 12 12 12 12 12 12 12 12 12 12 12 12 12 12 0 10 10 10 10 11 11 11 11 11 12 12 12 12 12 12 12 12 12 12 12 12 0 
10 10 10 10 10 10 10 10 10 10 10 10 10 10 10 10 10 10 10 0 10 10 11 11 11 11 11 11 11 11 11 11 11 11 12 12 12 12 12 0 10 10 10 10 11 11 11 11 12 12 12 12 12 12 12 12 12 12 12 0 
10 10 10 10 10 10 10 10 10 10 10 10 10 10 10 10 10 10 10 10 10 0 10 10 11 11 11 11 11 11 11 11 11 11 11 11 11 11 11 11 11 11 11 0 10 10 10 11 11 11 11 11 12 12 12 12 12 12 12 12 12 12 12 12 11 0 
10 10 10 10 10 10 10 10 11 11 11 11 11 11 11 11 11 11 11 12 12 12 12 12 12 12 12 0 10 10 10 10 11 11 12 12 12 12 12 12 13 12 12 12 12 12 11 11 10 10 10 10 10 10 10 0 10 10 10 10 10 10 10 10 10 10 10 10 10 10 10 10 10 10 10 10 10 10 10 10 10 10 10 0 
10 10 10 10 10 10 11 11 11 11 11 11 11 11 11 11 12 12 12 12 12 12 12 0 10 10 10 11 11 12 12 12 13 13 13 13 12 12 12 11 10 10 10 9 9 9 9 0 10 10 10 10 10 10 10 10 10 10 10 10 10 10 10 10 10 10 10 10 10 10 10 0 
10 10 10 10 10 10 11 11 11 11 11 11 11 11 12 12 12 12 12 12 12 12 12 12 12 0 10 10 10 11 11 12 12 12 13 13 13 12 12 12 11 11 11 10 10 10 10 9 9 10 10 0 10 10 10 10 10 10 10 10 10 10 10 10 10 10 10 10 10 10 10 10 10 10 10 10 10 0 
10 10 10 10 10 10 10 11 11 11 11 11 11 11 11 11 11 12 12 12 12 12 12 12 12 12 12 12 12 0 10 10 11 11 11 12 12 12 12 13 13 12 12 12 12 11 11 11 10 10 10 10 9 9 9 9 9 9 10 0 10 10 10 10 10 10 10 10 10 10 10 10 10 10 10 10 10 10 10 10 10 10 10 10 10 10 10 10 10 0 
10 10 10 10 10 10 10 10 10 11 11 11 11 11 11 11 12 12 12 12 12 12 12 12 12 12 12 0 10 10 10 10 11 11 11 12 12 13 13 13 13 12 12 12 11 11 10 10 10 10 10 10 10 10 10 0 10 10 10 10 10 10 10 10 10 10 10 10 10 10 10 10 10 10 10 10 10 10 10 10 10 10 10 0 
10 10 10 10 10 10 10 10 11 11 11 11 11 11 11 12 12 12 12 12 12 12 12 12 12 12 12 0 10 10 11 11 12 12 12 12 13 13 13 12 12 12 11 11 10 10 10 10 10 10 10 10 10 10 10 0 10 10 10 10 10 10 10 10 10 10 10 10 10 10 10 10 10 10 10 10 10 10 10 10 10 10 10 0 
10 10 10 10 10 10 10 10 11 11 11 11 11 11 11 11 12 12 12 12 12 12 12 12 12 12 12 0 10 10 11 11 11 12 12 12 13 13 13 12 12 12 11 11 11 10 10 10 10 10 10 10 10 10 10 0 10 10 10 10 10 10 10 10 10 10 10 10 10 10 10 10 10 10 10 10 10 10 10 10 10 10 10 0 
10 10 10 10 10 10 10 10 10 11 11 11 11 11 12 12 12 12 12 12 12 12 12 12 12 12 12 0 10 10 10 11 11 11 12 12 12 12 12 12 12 11 11 11 10 10 10 10 10 10 10 10 10 10 10 0 10 10 10 10 10 10 10 10 10 10 10 10 10 10 10 10 10 10 10 10 10 10 10 10 10 10 10 0 
10 10 10 10 10 10 10 10 11 11 11 11 11 11 12 12 12 12 12 12 12 12 12 12 12 12 12 0 10 10 11 11 12 12 12 12 12 12 12 12 12 12 11 11 11 10 10 10 10 9 9 9 10 10 10 0 10 10 10 10 10 10 10 10 10 10 10 10 10 10 10 10 10 10 10 10 10 10 10 10 10 10 10 0 
10 10 10 10 10 10 10 10 11 11 11 11 11 11 11 12 12 12 12 12 12 12 12 12 12 12 12 0 10 10 11 11 11 12 12 12 13 13 13 13 12 12 11 11 11 10 10 10 10 10 10 10 10 10 10 0 10 10 10 10 10 10 10 10 10 10 10 10 10 10 10 10 10 10 10 10 10 10 10 10 10 10 10 0 
10 10 10 10 10 10 10 10 10 10 11 11 11 11 11 11 11 12 12 12 12 12 12 12 11 11 11 0 10 10 11 11 12 12 12 12 12 13 12 12 12 12 11 11 10 10 10 10 10 10 10 10 10 10 10 0 10 10 10 10 10 10 10 10 10 10 10 10 10 10 10 10 10 10 10 10 10 10 10 10 10 10 10 0 
10 10 10 10 10 10 10 10 10 10 11 11 11 11 11 11 11 12 12 12 12 12 12 12 12 12 12 0 10 10 11 11 12 12 12 13 13 13 13 13 12 12 12 12 11 11 11 10 10 10 10 10 10 10 10 0 10 10 10 10 10 10 10 10 11 11 10 10 10 10 10 10 10 10 10 10 10 10 10 10 10 10 10 0 
10 10 10 10 10 10 10 10 10 10 10 11 11 11 11 11 11 11 12 12 12 12 12 12 12 12 12 11 11 0 10 10 11 11 12 12 12 12 13 13 13 12 12 12 12 11 11 11 10 10 10 10 10 10 10 10 10 10 10 0 10 10 10 10 10 10 10 10 10 10 10 10 10 10 10 10 10 10 10 10 10 10 10 10 10 10 10 10 10 0 
10 10 10 10 10 10 10 10 11 11 11 11 11 11 11 11 11 12 12 12 12 12 12 12 12 12 12 11 11 0 10 10 11 11 12 12 12 12 13 13 13 13 12 12 12 11 11 10 10 10 10 9 9 9 9 9 9 10 10 0 10 10 10 10 10 10 10 10 10 10 10 10 10 10 10 10 10 10 10 10 10 10 10 10 10 10 10 10 10 0 
10 10 10 10 10 10 10 10 10 11 11 11 11 11 11 11 11 12 12 12 12 12 12 12 12 12 12 12 12 0 10 10 10 11 11 11 12 12 12 13 13 13 13 13 12 12 12 11 11 11 10 10 10 10 10 10 10 10 10 0 10 10 10 10 10 10 10 10 10 10 10 10 10 10 10 10 10 10 10 10 10 10 10 10 10 10 10 10 10 0 
10 10 10 11 11 11 11 11 11 12 12 12 12 12 12 12 12 12 12 12 12 12 12 12 12 12 12 0 10 10 9 9 8 8 8 8 7 7 8 8 8 8 9 9 10 10 10 10 11 11 11 11 10 10 10 0 10 10 10 10 10 10 10 10 10 10 10 10 10 10 10 10 10 10 10 10 10 10 10 10 10 10 10 0 
10 10 10 10 11 11 11 11 11 11 11 12 12 12 12 12 12 12 12 12 12 12 12 12 12 0 10 10 9 9 8 8 8 8 8 8 8 8 9 9 10 10 10 10 10 10 10 10 10 10 10 0 10 10 10 10 10 10 10 10 10 10 10 10 10 10 10 10 10 10 10 10 10 10 10 10 10 0 
10 10 10 11 11 11 11 11 11 11 11 11 11 11 11 12 12 12 12 12 12 12 12 12 12 0 10 9 9 9 8 8 8 8 8 8 8 9 9 10 10 10 11 11 11 11 11 11 11 11 11 0 10 10 10 10 10 10 10 10 10 10 10 10 10 10 10 10 10 10 10 10 10 10 10 10 10 0 
10 10 10 10 10 11 11 11 11 11 11 11 11 11 12 12 12 12 12 12 12 12 12 12 12 0 10 10 10 9 9 9 8 8 8 7 7 8 8 8 8 9 9 10 10 10 10 10 10 10 10 0 10 10 10 10 10 10 10 10 10 10 10 10 10 10 10 10 10 10 10 10 10 10 10 10 10 0 
10 10 10 10 10 11 11 11 11 11 11 11 11 11 11 12 12 12 12 12 12 12 12 12 12 0 10 10 10 10 9 9 9 8 8 8 7 8 8 8 8 9 9 9 10 10 10 10 10 10 10 0 10 10 10 10 10 10 10 10 10 10 10 10 10 10 10 10 10 10 10 10 10 10 10 10 10 0 
10 10 10 10 10 10 11 11 11 11 11 11 11 11 11 12 12 12 12 12 12 12 12 12 12 0 10 10 10 9 9 9 8 8 7 7 7 8 8 8 8 9 10 10 10 10 10 10 10 10 10 0 10 10 10 10 10 10 10 10 10 10 10 10 10 10 10 10 10 10 10 10 10 10 10 10 10 0 
10 10 10 10 10 11 11 11 11 11 11 11 11 11 11 12 12 12 12 12 12 12 12 12 12 0 10 10 10 9 9 9 8 8 8 8 8 8 8 8 8 9 9 10 10 10 10 10 11 11 10 0 10 10 10 10 10 10 10 10 10 10 10 10 10 10 10 10 10 10 10 10 10 10 10 10 10 0 
10 10 10 10 11 11 11 11 11 11 11 11 11 12 12 12 12 12 12 12 12 12 12 12 12 0 10 9 9 9 8 8 8 8 8 8 8 8 9 9 10 10 10 10 10 10 10 10 10 10 10 0 10 10 10 10 10 10 10 10 10 10 10 10 10 10 10 10 10 10 10 10 10 10 10 10 10 0 
10 10 10 10 11 11 11 11 11 11 11 11 11 11 11 11 12 12 12 12 12 12 12 12 12 12 11 0 10 10 9 9 9 8 8 8 8 8 8 8 8 8 9 9 10 10 10 10 11 11 11 11 11 11 10 0 10 10 10 10 10 10 10 10 10 10 10 10 10 10 10 10 10 10 10 10 10 10 10 10 10 10 10 0 
10 10 10 10 11 11 11 11 11 11 11 11 11 11 11 11 11 11 11 12 12 12 12 12 12 12 11 0 10 10 9 9 9 8 8 8 8 7 7 7 7 8 8 8 8 9 10 10 10 10 10 10 10 10 10 0 10 10 10 10 10 10 10 10 10 10 10 10 10 10 10 10 10 10 10 10 10 10 10 10 10 10 10 0 
10 10 10 10 10 11 11 11 11 11 11 11 11 11 11 11 11 12 12 12 12 12 12 12 12 12 12 0 10 10 9 9 8 8 8 8 8 8 7 8 8 8 8 8 9 9 10 10 10 10 10 10 10 10 10 0 10 10 10 10 10 10 10 10 10 10 10 10 10 10 10 10 10 10 10 10 10 10 10 10 10 10 10 0 
10 10 10 11 11 11 11 11 11 11 11 11 11 11 11 11 11 12 12 12 12 12 12 12 12 0 10 10 9 9 8 8 8 8 8 8 8 8 8 8 9 9 10 10 10 10 11 11 11 11 11 0 10 10 10 10 10 10 10 10 10 10 10 10 10 10 10 10 10 10 10 10 10 10 10 10 10 0 
10 10 10 10 10 11 11 11 11 11 11 11 11 11 11 12 12 12 12 12 12 12 12 0 10 10 10 9 9 8 8 8 8 7 7 7 7 8 8 9 10 10 10 10 10 10 10 0 10 10 10 10 10 10 10 9 10 10 10 10 10 10 9 9 9 9 10 10 10 10 10 0 
10 10 10 10 10 11 11 11 11 11 11 11 12 12 12 12 12 12 12 12 12 12 12 0 10 10 9 9 8 8 8 8 7 7 8 8 9 9 10 10 10 10 10 11 11 10 10 0 10 10 10 10 10 10 10 10 10 10 10 10 9 9 10 10 10 10 10 10 10 10 10 0 
10 10 10 10 10 10 10 11 11 11 11 11 11 11 11 11 11 11 12 12 12 12 12 12 12 12 12 12 12 0 10 10 10 9 9 9 8 8 8 7 7 7 7 7 8 8 8 8 9 9 10 10 10 10 10 10 10 10 10 0 10 10 10 10 10 10 10 10 10 10 10 10 10 10 10 10 10 10 10 10 10 10 10 10 10 10 10 10 10 0 
10 10 10 10 10 10 11 11 11 11 11 11 11 11 11 11 11 11 12 12 12 12 12 12 12 12 12 12 12 12 11 0 10 10 10 9 9 8 8 8 7 7 7 7 7 8 8 8 8 9 9 10 10 10 10 10 10 10 10 10 10 10 10 0 10 10 10 10 10 10 10 10 10 10 10 10 10 10 10 10 9 9 10 10 10 10 10 10 10 10 10 10 10 10 10 0 
10 10 10 10 10 11 11 11 11 11 11 11 11 11 11 11 11 11 12 12 12 12 12 12 12 12 12 12 11 0 10 10 9 9 9 8 8 8 8 7 7 7 8 8 8 8 9 9 9 10 10 10 10 10 10 10 10 10 10 0 10 10 10 10 10 10 10 10 10 10 10 10 10 10 10 10 10 10 10 10 10 10 10 10 10 10 10 10 10 0 
10 10 10 10 11 11 11 11 11 11 11 11 11 11 11 11 11 11 11 11 11 11 11 11 11 11 11 11 11 0 10 10 9 9 9 8 8 8 8 7 7 8 8 8 8 9 9 9 10 10 10 10 11 11 11 11 11 11 11 0 10 10 10 10 10 10 10 10 10 10 10 10 10 10 10 10 10 10 10 10 10 10 10 10 10 10 10 10 10 0 
10 10 10 10 10 11 11 11 11 11 11 11 11 11 11 11 11 11 12 12 12 12 12 12 12 12 12 12 12 0 10 10 10 9 9 8 8 8 8 7 7 7 7 7 7 8 8 8 9 9 9 10 10 10 10 10 10 10 10 0 10 10 10 10 10 10 10 10 10 10 10 10 10 10 10 10 10 9 9 9 9 9 9 10 10 10 10 10 10 0 
10 10 10 10 10 10 9 9 9 9 9 9 9 9 9 9 10 10 10 10 11 11 11 11 11 11 11 11 11 10 10 10 10 10 10 10 10 10 10 0 10 10 10 10 10 10 10 10 10 9 9 9 8 8 8 7 7 7 7 7 7 7 8 8 8 9 9 10 10 10 10 10 10 10 10 10 10 10 10 0 10 10 10 10 10 10 10 10 10 10 10 10 10 10 10 10 10 10 9 9 9 9 9 9 9 9 9 10 10 10 10 10 10 10 10 10 10 10 10 0 
10 10 10 10 10 10 10 10 9 9 9 9 9 9 9 9 9 9 9 9 10 10 10 10 11 11 11 11 11 11 11 11 11 10 10 10 10 10 10 10 10 10 10 0 10 10 10 10 10 10 10 10 10 10 10 10 9 9 9 8 8 8 8 7 7 7 7 7 7 8 8 8 9 9 10 10 10 10 10 10 10 10 10 10 10 10 10 0 10 10 10 10 10 10 10 10 10 10 10 10 10 10 10 10 10 10 10 10 9 9 9 9 9 9 9 9 9 9 9 10 10 10 10 10 10 10 10 10 10 10 10 0 
10 10 10 10 10 9 9 9 9 9 9 9 9 9 9 9 9 9 10 10 10 11 11 11 11 11 11 11 11 11 11 11 10 10 10 10 10 10 10 0 10 10 10 10 10 10 10 10 10 9 9 9 8 8 8 8 7 7 7 7 7 7 7 8 8 8 9 9 9 10 10 10 10 10 10 10 10 10 10 0 10 10 10 10 10 10 10 10 10 10 10 10 10 10 10 10 10 10 10 10 9 9 9 9 9 9 9 9 10 10 10 10 10 10 10 10 10 10 10 0 
10 10 10 10 10 10 10 10 9 9 9 9 9 9 9 9 9 10 10 10 10 11 11 11 11 11 11 11 11 11 11 10 10 10 10 10 10 10 10 0 10 10 10 10 10 10 10 10 10 10 10 9 9 9 8 8 8 7 7 7 7 7 7 8 8 8 9 9 9 10 10 10 10 10 10 10 10 10 10 0 10 10 10 10 10 10 10 10 10 10 10 10 10 10 10 10 10 10 10 10 10 10 10 9 9 10 10 10 10 10 10 10 10 10 10 10 10 10 10 0 
10 10 10 10 10 9 9 9 9 9 9 9 9 9 9 10 10 10 11 11 11 11 11 11 11 11 11 11 11 10 10 10 10 10 10 10 10 0 10 10 10 10 10 10 10 10 10 9 9 8 8 7 7 7 7 7 7 7 8 8 8 9 9 9 10 10 10 10 10 10 10 10 10 10 10 0 10 10 10 10 10 10 10 10 10 10 10 10 10 10 10 10 10 10 10 10 10 10 10 10 10 10 10 10 10 10 10 10 10 10 10 10 10 0 
10 10 10 10 10 9 9 9 9 9 9 9 9 9 9 10 10 10 10 10 11 11 11 11 11 11 11 11 11 11 11 10 10 10 10 10 10 10 10 0 10 10 10 10 10 10 10 9 9 9 9 8 8 8 8 7 7 7 7 7 7 7 8 8 8 9 9 9 10 10 10 10 10 10 10 10 10 10 10 0 10 10 10 10 10 10 10 10 10 10 10 10 10 10 10 10 10 10 10 10 10 10 10 10 10 10 10 10 10 10 10 10 10 10 10 10 10 10 10 0 
10 10 10 10 10 10 10 9 9 9 9 9 9 9 9 9 9 9 9 10 10 10 10 11 11 11 11 11 11 11 11 11 10 10 10 10 10 10 9 10 10 0 10 10 10 10 10 10 10 10 10 10 9 9 9 9 8 8 8 7 7 7 7 7 7 7 8 8 9 9 9 9 10 10 10 10 10 10 10 10 10 10 10 0 10 10 10 10 10 10 10 10 10 10 10 10 10 10 10 10 10 10 10 10 10 10 10 10 10 10 10 10 10 10 10 10 10 10 10 10 10 10 10 10 10 0 
10 10 10 10 10 9 9 9 9 9 9 9 9 9 9 10 10 10 10 10 11 11 11 11 11 11 11 11 11 11 11 11 10 10 10 10 10 10 10 10 10 0 10 10 10 10 10 10 10 10 9 9 9 8 8 8 7 7 7 7 7 7 7 7 7 8 8 8 9 9 9 10 10 10 10 10 10 10 10 10 10 10 10 0 10 10 10 10 10 10 10 10 10 10 10 10 10 10 10 10 10 10 10 10 10 9 9 9 9 9 9 9 10 10 10 10 10 10 10 10 10 10 10 10 10 0 
10 10 10 10 10 10 9 9 9 9 9 9 9 9 9 9 10 10 10 10 10 11 11 11 11 11 11 11 11 11 10 10 10 10 10 10 10 0 10 10 10 10 10 10 10 10 9 9 9 9 8 8 8 7 7 7 7 7 7 8 8 8 8 9 9 9 10 10 10 10 10 10 10 10 10 0 10 10 10 10 10 10 10 10 10 10 10 10 10 10 10 10 10 10 10 10 10 10 10 10 10 10 10 10 10 10 10 10 10 10 10 10 10 0 
10 10 10 10 10 9 9 9 9 9 9 9 9 9 9 9 9 9 10 10 10 10 11 11 11 11 11 11 11 11 11 11 11 10 10 10 10 10 10 10 10 10 10 0 10 10 10 10 10 10 10 10 10 9 9 9 9 8 8 8 7 7 7 7 7 7 7 7 8 8 8 8 9 9 9 10 10 10 10 10 10 10 10 10 10 10 10 0 10 10 10 10 10 10 10 10 10 10 10 10 10 10 10 10 10 10 10 10 10 10 10 10 10 10 10 10 10 10 10 10 10 10 10 10 10 10 10 10 10 10 10 0 
10 10 10 10 10 9 9 9 9 9 9 9 9 9 9 9 9 9 9 10 10 10 10 11 11 11 11 11 11 11 11 11 11 11 10 10 10 10 10 10 9 9 9 0 10 10 10 10 10 10 10 10 10 9 9 9 9 8 8 8 7 7 7 7 7 7 7 7 7 8 8 8 9 9 9 9 10 10 10 10 10 10 10 10 10 10 10 0 10 10 10 10 10 10 10 10 10 10 10 10 10 10 10 10 10 10 10 10 10 10 10 10 10 10 10 10 10 10 10 10 10 10 10 10 10 10 10 10 10 10 10 0 
10 10 10 10 10 9 9 9 9 9 9 9 9 9 9 9 9 9 9 10 10 10 10 11 11 11 11 11 11 11 11 11 11 11 11 10 10 10 10 10 10 10 10 10 10 0 10 10 10 10 10 10 10 10 10 10 9 9 9 9 8 8 8 7 7 7 7 7 7 7 7 7 8 8 8 9 9 9 10 10 10 10 10 10 10 10 10 10 10 10 10 0 10 10 10 10 10 10 10 10 10 10 10 10 10 10 10 10 10 10 10 10 10 10 10 10 10 10 10 10 10 10 10 10 10 10 10 10 10 10 10 10 10 10 10 10 10 0 
10 10 10 10 10 10 9 9 9 9 9 9 9 9 9 9 9 9 10 10 10 10 10 11 11 11 11 11 11 11 11 11 11 10 10 10 10 9 9 9 9 0 10 10 10 10 10 10 10 10 10 10 10 9 9 9 8 8 8 7 7 7 7 7 7 7 8 8 8 9 9 9 10 10 10 10 10 10 10 10 10 10 10 0 10 10 10 10 10 10 10 10 10 10 10 10 10 10 10 10 10 10 10 10 10 10 10 10 10 10 10 10 10 10 10 10 10 10 10 10 10 10 10 10 10 0 
10 10 10 10 9 9 9 9 9 9 9 9 9 10 10 10 10 11 11 11 11 11 11 11 11 11 11 11 11 11 10 10 10 10 10 10 9 9 9 0 10 10 10 10 10 10 10 9 9 9 8 8 8 7 7 7 7 7 7 7 8 8 8 9 9 9 10 10 10 10 10 10 10 10 10 10 10 10 10 0 10 10 10 10 10 10 10 10 10 10 10 10 10 10 10 10 10 10 10 10 10 10 10 10 10 10 10 10 10 10 10 10 10 10 10 10 10 10 10 0 
10 10 10 10 9 9 9 9 9 9 9 9 9 9 10 10 10 10 11 11 11 11 11 11 11 11 11 11 11 11 10 10 10 10 10 9 9 9 9 9 10 0 10 10 10 10 10 10 10 9 9 9 8 8 8 8 7 7 7 7 7 7 8 8 8 9 9 9 10 10 10 10 10 10 10 10 10 10 10 10 10 10 10 0 10 10 10 10 10 10 10 10 10 10 10 10 10 10 10 10 10 10 10 10 10 10 10 10 10 10 10 10 10 10 10 10 10 10 10 10 10 10 10 10 10 0 
10 10 10 10 9 9 9 9 9 9 9 9 9 9 9 9 10 10 10 11 11 11 11 11 11 11 11 11 10 10 10 10 9 9 9 9 9 0 10 10 10 10 10 10 10 10 9 9 9 8 8 8 7 7 7 7 7 7 8 8 9 9 9 10 10 10 10 10 10 10 10 10 10 10 10 0 10 10 10 10 10 10 10 10 10 10 10 10 10 10 10 10 10 10 10 10 10 10 10 10 10 10 10 10 10 10 10 10 10 10 10 10 10 0 
10 10 10 9 9 9 9 9 9 9 9 9 9 10 10 10 10 11 11 11 11 11 11 11 11 11 10 10 10 10 9 9 9 0 10 10 10 10 10 10 9 9 9 8 8 8 8 7 7 7 7 8 8 8 9 9 9 10 10 10 10 10 10 10 10 10 10 0 10 10 10 10 10 10 10 10 10 10 10 10 10 10 10 10 10 10 10 10 10 10 10 10 10 10 10 10 10 10 10 10 10 0 
