6701122223334445566677777766555444332211111111111116
22222334445555677777777766655544333221111111111116
22222233344455655677777776665544433222111111111110
11223233344455565557777777665554443321111111111111
2333344455555777777776665544433322111100111233
122233444555555677007777665554443322211011111222
3333334454556466770777666555444332222011111001
667012222233344445656677007777766555443322211111111122
2222233344445655567700777766555444332221111100000556
112223334445556672707776655443322100111223334677
222222233334445555577707777666555433222110111110100776
2223344556566070077777666555444321111000111222333346
122233334555655677777766555444333211111100111223
1223334444556670007777665554443222111111111125
1122222333334444565567770000777666655444332221111100011122233337
2222233334444555656777000077766655544433221111110111111223333446
2222223344455566677000777665554443332211111111111135
111222223334444555657000777665554433211111111112
0122223333444455555666700077776665544433322211111111111166
0122233333444455567700077776665554433322111110000007
2223333445555677000007766655544433222210000107
33344555456677007776665554443332211111011111
0112223333344555556677077776665544333221111111100116
56666666666666665611111111111111125555
3456666666666666656701111111111111117665
6666666666666701111111111111107666
66666665766671111111111111111066
56656666666666011111111111111125
6666666665666666111111111111111116
06666666656647666701111111111111122555
17666666666666676701111111111111111665
6666656665666666711111111111111111
66666666666666670111111111111111
6656656666657677011111111111111216
66666666666667111111111111111223
5566666666666666660111111111111111
666666665666670111111111111111216556
6666566666666670111111111111111116
6666656666666670111111111111122255
666666666666667011111111111222
3556666666666666611111111111122235
56666566657666001111111111122404040
66666665666666666667111111111111122245
26666666566666666666011111111111111112
6666666666666660111111111111
35666666666666667111111111111111
345666666666666670111111111266
56602222333334445556667770777766655444443333
33333333344555555667707777766665544434333334
22222333333444455556667077777766665554444333333336
1222233334445555666770077776666555444433333567
1222223333444555566777000777776666545354443333
222223333444445555566777777777666555444433333234
70122233333344455556667777777777666555444443333335
70122223333344455556677777777766555444444444
61222333344444556656777077777665554444333446
54333333333344444555566777077777766655544444333344
4222233333344455555667707777766655544443333344
2222333344444555555677777777777766655544444333
61222233333444455667777777776665554444444433
7012333334444556667777777666554444444444
66333333333444455566777777777666554444443333
2223333334444555666777777777666555544444333321
7122233334455667777766554443333346
